234,1.343450,857,225,55,49,3839,410,597,219,1008,196,315,138,358,47,94,21,3832,406,578,213,996,202,300,91,356,48,92,19,429,112,124,79,1929,206,2006,1139,504,100,846,518,176,24,461,243;g#{8},g{Jazz},a{Extempo},l{Channel 32},t{Summertime},f{/mnt/cdrom/Extempo - Channel 32/05 Summertime.mp3}
159,1.237172,877,177,77,54,4285,257,758,256,1059,95,365,65,441,32,111,17,4279,227,730,212,1046,88,354,57,439,32,109,16,439,89,159,116,2155,127,2404,1293,529,49,1345,877,218,16,428,236;g#{28},g{Vocal},a{Throat Culture},l{Acappella Head},t{The Israelites},f{Throat Culture - Acapella Head/01 The Israelites.mp3}
240,1.306773,903,230,62,54,3538,428,802,255,1252,163,412,113,397,52,112,29,3547,401,758,150,1257,168,396,90,398,53,107,18,452,115,148,87,1780,218,2450,1381,626,81,1346,701,196,26,477,292;g#{115},g{Unknown},a{Monkey Puzzle},l{Hot Lips: Vocal Band Sampler},t{If It Wasn't},f{/mnt/cdrom/Hot Lips- Vocal Band Sampler/12 Monkey Puzzle - If It Wasn't.mp3}
334,1.275536,893,217,43,35,4009,621,700,262,1349,316,330,100,436,67,91,26,3998,623,694,246,1348,316,329,101,434,67,91,25,447,109,151,81,2013,314,1864,1142,675,159,1011,482,215,33,452,229;g#{115},g{Unknown},a{spiralmouth},l{spiralmouth},t{Come Together},f{/mnt/cdrom/spiralmouth - spiralmouth/06 Come Together.mp3}
138,1.325549,835,282,70,43,3502,737,845,157,1301,236,495,103,389,81,119,21,3622,451,829,150,1331,131,481,100,401,50,116,20,418,142,200,122,1758,371,2662,1281,652,119,1615,782,191,40,497,267;g#{8},g{Jazz},a{Vox One},l{Out There},t{Gone By},f{/mnt/cdrom/Vox One - Out There/04 Gone By.mp3}
273,1.348051,833,254,50,31,3515,564,571,161,917,189,303,97,353,66,79,20,3520,561,553,151,914,187,293,81,353,66,77,19,417,127,141,86,1769,285,1970,1023,459,96,1096,677,174,33,418,256;g#{8},g{Jazz},a{Vox One},l{Out There},t{That Which You Love},f{/mnt/cdrom/Vox One - Out There/08 That Which You Love.mp3}
195,1.282321,820,198,71,50,3523,492,757,260,908,193,460,114,313,72,127,31,3542,469,733,218,891,195,446,108,309,72,125,29,410,99,135,84,1774,248,2377,1111,454,97,1280,675,153,36,471,260;g#{8},g{Jazz},a{Bobby McFerrin},l{Spontaneous Inventions},t{Thinkin' About Your Body},f{/mnt/cdrom/Bobby McFerrin - Spontaneous Inventions/01 Thinkin' About Your Body.mp3}
165,1.405130,772,240,84,62,4358,489,592,325,871,93,288,106,418,50,86,30,4436,346,526,223,861,92,264,82,422,39,81,24,386,120,132,81,2194,250,2154,856,436,48,735,437,207,25,363,155;g#{0},g{Blues},a{DaVinci's Notebook},l{Bendy's Law},t{Metal Shop},f{/mnt/cdrom/DaVinci's Notebook - Bendy's Law/13 Metal Shop.mp3}
308,1.233510,888,192,60,39,4276,402,1029,207,1467,139,401,83,476,43,132,23,4268,399,1007,182,1462,131,397,76,474,41,131,21,444,96,157,122,2150,201,2665,1963,734,71,1112,599,235,21,495,276;g#{62},g{Pop/Funk},a{The House Jacks},l{Funkwich},t{Completely},f{The House Jacks - Funkwich/05 Completely.mp3}
258,1.288587,840,195,54,47,3770,481,584,270,945,250,313,150,363,58,81,23,3772,485,568,271,934,250,296,119,363,58,78,23,420,98,95,73,1897,243,1610,750,473,126,762,507,179,29,381,203;g#{2},g{Country},a{The Edlos},l{A Cappella Country},t{Tupelo Honey},f{/mnt/cdrom/The Edlos - A Cappella Country/02 Tupelo Honey.mp3}
199,1.293524,832,199,69,41,4291,342,735,293,1165,164,371,90,456,43,103,26,4274,339,701,242,1158,163,362,87,453,43,100,24,417,99,132,70,2160,171,2633,1398,583,82,1204,851,225,22,367,217;g#{28},g{Vocal},a{Throat Culture},l{Acappella Head},t{Jack Bates (bail bonds)},f{Throat Culture - Acapella Head/10 Jack Bates (bail bonds).mp3}
138,1.314106,811,227,85,64,4508,231,709,299,1129,107,346,108,481,30,104,31,4528,201,677,273,1108,99,324,75,480,28,100,26,406,113,147,83,2272,114,2902,1323,564,54,1010,625,239,15,345,147;g#{115},g{Unknown},a{AC Rock},l{Acappellago},t{409},f{/mnt/cdrom/AC Rock - Acappellago/10 409.mp3}
369,1.404431,821,246,60,47,4148,461,753,275,994,174,364,119,361,42,114,37,4149,467,725,252,980,169,352,115,358,42,111,35,411,123,112,63,2086,234,1930,852,497,87,920,592,178,21,411,215;g#{0},g{Blues},a{SoVoSo},l{SoVoSo},t{Show Them Dance},f{SoVoSo/03 Show Them Dance.mp3}
251,1.388823,850,241,36,31,3955,301,677,155,1147,111,330,67,420,35,91,20,3949,306,660,123,1146,108,327,65,419,36,90,19,425,121,139,95,1991,150,2381,1216,574,57,1183,842,208,18,408,222;g#{0},g{Blues},a{Ball in the House},l{Ball in the House},t{Helen},f{/mnt/cdrom/Ball in the House/08 Helen.mp3}
253,1.303062,884,239,47,38,4108,850,835,218,1319,352,372,106,392,80,96,23,4135,749,823,201,1337,324,371,112,394,71,95,22,443,120,132,88,2066,432,2381,1305,660,179,1158,619,193,40,422,256;g#{8},g{Jazz},a{Vox One},l{Out There},t{The Sky Is Crying},f{/mnt/cdrom/Vox One - Out There/06 The Sky Is Crying.mp3}
207,1.294881,880,207,64,46,3826,459,540,212,843,187,275,95,361,57,81,17,3838,458,513,173,836,191,261,74,361,57,78,15,440,104,137,86,1926,231,2028,1289,420,94,853,498,178,29,407,223;g#{0},g{Blues},a{SoVoSo},l{SoVoSo},t{People Get Ready},f{SoVoSo/05 People Get Ready.mp3}
330,1.290889,830,206,71,37,3882,505,803,245,1087,119,392,92,404,54,104,28,3862,563,769,193,1073,122,380,84,401,59,99,25,415,103,128,85,1953,256,2232,1400,545,62,1370,813,199,27,467,227;g#{8},g{Jazz},a{SoVoSo},l{Truth & Other Stories},t{Be Of Love},f{SoVoSo - Truth & Other Stories/01 Be Of Love.mp3}
205,1.374019,871,245,63,58,3819,388,983,238,1296,229,473,83,413,44,127,28,3826,379,947,166,1295,223,465,81,413,43,123,22,436,123,175,101,1920,197,3124,1623,647,118,1792,1060,204,23,578,308;g#{12},g{Other},a{Five O'Clock Shadow},l{So There},t{Stop And Say Hello},f{Five O'Clock Shadow - So There/06 Stop And Say Hello.mp3}
164,1.355765,859,256,73,37,3978,460,503,346,818,152,279,102,363,56,83,34,4000,393,455,197,814,136,262,91,363,53,79,24,430,128,141,101,2001,236,2024,904,409,78,753,402,179,28,375,195;g#{8},g{Jazz},a{AC Rock},l{UR What UR},t{More Than Words},f{/mnt/cdrom/AC Rock - UR What UR/04 More Than Words.mp3}
169,1.232312,846,184,89,53,4260,458,825,325,1101,170,387,128,455,45,120,22,4204,295,777,253,1077,121,373,96,449,42,117,20,423,92,161,101,2145,232,2446,1186,554,88,1240,751,226,23,395,205;g#{28},g{Vocal},a{Throat Culture},l{Acappella Head},t{Easter Island Head},f{Throat Culture - Acapella Head/07 Easter Island Head.mp3}
243,1.300741,901,211,51,25,3652,331,737,99,1189,155,374,86,400,44,95,16,3636,329,740,94,1186,155,370,84,398,44,95,15,451,106,229,136,1834,165,2423,1381,594,75,1473,778,197,22,549,270;g#{0},g{Blues},a{Ball in the House},l{Ball in the House},t{I Couldn't Run},f{/mnt/cdrom/Ball in the House/09 I Couldn't Run.mp3}
249,1.347723,834,224,70,54,4217,581,656,351,921,190,303,112,396,75,93,34,4247,566,627,333,908,187,289,98,397,74,91,32,417,112,149,88,2121,294,2392,1559,460,96,921,565,195,38,431,205;g#{28},g{Vocal},a{The Trenchcoats},l{Your Joy},t{Jet Airliner},f{The Trenchcoats - Your Joy/02 Jet Airliner.mp3}
170,1.321688,874,218,69,50,4454,257,522,196,843,69,262,52,422,30,91,15,4474,238,477,94,833,69,248,41,421,29,87,11,437,110,138,81,2243,130,2063,860,421,34,638,298,209,15,423,208;g#{24},g{Soundtrack},a{The Persuasions},l{Spike & Co. Do It A Cappella},t{Pass On The Love},f{Spike & Co. Do It A Cappella/12 The Persuasions - Pass On The Love.mp3}
153,1.200870,868,162,90,49,4783,400,903,199,1277,162,326,94,525,56,123,21,4797,422,884,179,1266,192,309,51,525,59,121,20,434,81,155,97,2408,208,2605,1358,639,83,1162,483,261,28,427,235;g#{115},g{Unknown},a{AC Rock},l{Acappellago},t{Need You Tonight},f{/mnt/cdrom/AC Rock - Acappellago/09 Need You Tonight.mp3}
195,1.335695,896,245,62,42,3341,447,861,228,1191,146,481,68,350,40,124,20,3336,441,831,195,1176,148,473,65,347,39,122,20,449,123,149,84,1680,229,2259,1457,596,76,1542,881,172,20,465,227;g#{115},g{Unknown},a{Toxic Audio},l{Hot Lips: Vocal Band Sampler},t{You Can't Win},f{/mnt/cdrom/Hot Lips- Vocal Band Sampler/14 Toxic Audio - You Can't Win.mp3}
118,1.167434,856,140,103,60,4201,249,661,187,1026,128,323,100,413,40,102,24,4226,250,630,119,1020,124,311,71,413,39,100,20,428,70,159,135,2112,126,1895,1021,512,66,1023,851,204,21,420,223;g#{28},g{Vocal},a{The Trenchcoats},l{It Turns Me On},t{Is That the Way You Look},f{The Trenchcoats - It Turns Me On/07 Is That the Way You Look.mp3}
167,1.304034,898,215,61,30,3814,345,570,192,967,167,352,124,379,48,88,26,3815,345,565,189,955,167,343,122,376,48,87,25,449,108,137,72,1916,172,1829,959,481,85,1150,750,186,24,493,242;g#{0},g{Blues},a{SoVoSo},l{SoVoSo},t{Wa Wa Wa},f{SoVoSo/09 Wa Wa Wa.mp3}
224,1.350332,856,258,80,55,3760,604,784,313,992,281,404,125,345,79,111,33,3780,441,743,295,997,278,386,103,345,70,106,31,428,129,140,73,1889,303,1888,903,496,142,1162,734,169,40,451,247;g#{14},g{R&B},a{Five Live},l{Quintessence},t{Two Different Views},f{Five Live - Quintessence/Five Live--13 Two Different Views.mp3}
236,1.251468,862,200,84,47,4226,551,891,263,1169,130,368,118,429,66,112,30,4262,503,882,274,1152,119,356,106,431,60,111,31,431,100,175,117,2126,275,2736,1526,586,66,1207,842,212,32,497,334;g#{28},g{Vocal},a{The Trenchcoats},l{Your Joy},t{Crack That Whip - Working In A},f{The Trenchcoats - Your Joy/07 Crack That Whip - Working In A Coal Mine.mp3}
186,1.288933,907,230,42,36,3762,302,609,120,1293,147,307,84,406,40,90,20,3764,298,587,118,1293,143,305,82,406,39,88,20,454,115,145,98,1888,152,2198,996,646,74,1072,598,200,20,390,224;g#{8},g{Jazz},a{Vox One},l{Out There},t{Out There},f{/mnt/cdrom/Vox One - Out There/10 Out There.mp3}
263,1.391812,847,243,44,41,4360,312,426,152,801,99,219,66,395,40,79,16,4373,291,399,94,796,99,210,52,394,38,77,15,424,122,119,100,2195,157,1914,808,400,50,551,376,195,20,357,169;g#{24},g{Soundtrack},a{The Persuasions},l{Spike & Co. Do It A Cappella},t{Looking For An Echo},f{Spike & Co. Do It A Cappella/04 The Persuasions - Looking For An Echo.mp3}
233,1.379241,862,273,66,45,3712,687,881,235,1307,223,429,97,393,74,124,28,3705,670,854,220,1305,217,420,93,391,71,121,27,431,137,160,138,1863,347,3108,2737,653,113,1271,731,193,37,612,351;g#{12},g{Other},a{Five O'Clock Shadow},l{So There},t{Get Down Tonight-That's The Wa},f{Five O'Clock Shadow - So There/09 Get Down Tonight-That's The Way.mp3}
235,1.299406,860,219,79,38,4370,727,965,253,1123,151,393,116,429,64,124,21,4352,752,948,252,1107,160,384,99,424,65,121,21,430,110,187,132,2197,367,2574,1541,561,77,1135,566,212,32,433,257;g#{12},g{Other},a{Vocal Sampling},l{Una Forma Mas},t{Radio Reloj},f{/mnt/cdrom/Vocal Sampling - Una Forma Mas/13 Radio Reloj.mp3}
115,1.301565,796,191,96,49,4263,218,891,258,1119,72,430,96,417,29,127,23,4282,192,843,226,1103,67,408,83,416,26,123,19,398,95,164,138,2145,111,2723,1346,561,34,1151,792,206,14,429,271;g#{28},g{Vocal},a{Mary Schmary},l{Smarty Pants},t{I Put You There},f{Mary Schmary - Smarty Pants/03 I Put You There.mp3}
231,1.440682,864,268,46,32,3432,342,756,121,1272,109,399,93,395,28,92,18,3422,335,747,115,1265,109,394,91,394,28,90,17,433,134,145,94,1727,170,2669,1576,638,56,1385,832,195,14,458,245;g#{12},g{Other},a{Schrödingers Cat},l{Big Beat A Cappella},t{No Diggity},f{/mnt/cdrom/Schrodingers Cat - Big Beat A Cappella/03 No Diggity.mp3}
192,1.315266,896,220,44,45,3900,334,553,197,1076,181,319,104,397,50,80,21,3914,333,530,182,1067,175,310,100,398,49,78,20,448,110,103,51,1964,171,1979,1005,539,91,653,458,196,25,337,175;g#{12},g{Other},a{Five O'Clock Shadow},l{So There},t{Tribute},f{Five O'Clock Shadow - So There/10 Tribute.mp3}
256,1.223968,838,199,77,42,3960,440,820,291,1159,275,417,112,399,64,119,26,3972,443,810,295,1139,274,405,108,396,66,117,26,419,100,175,80,1996,221,2993,2226,580,138,1287,845,197,32,507,247;g#{8},g{Jazz},a{Bobby McFerrin},l{Spontaneous Inventions},t{Another Night in Tunisia},f{/mnt/cdrom/Bobby McFerrin - Spontaneous Inventions/06 Another Night in Tunisia.mp3}
202,1.249666,855,177,69,50,4484,276,693,195,1121,131,347,70,417,39,109,19,4506,236,653,131,1115,130,332,59,417,38,105,15,428,88,141,98,2255,141,2518,1365,560,68,1138,602,205,20,494,302;g#{28},g{Vocal},a{Mary Schmary},l{Smarty Pants},t{Inmigrantes},f{Mary Schmary - Smarty Pants/11 Inmigrantes.mp3}
229,1.347433,838,246,48,41,3372,475,496,206,848,202,251,90,329,59,67,22,3396,363,474,194,853,186,243,86,331,51,65,22,419,123,113,68,1696,239,1759,779,424,102,778,544,162,30,368,193;g#{8},g{Jazz},a{Vox One},l{Out There},t{Whisper When I Speak},f{/mnt/cdrom/Vox One - Out There/02 Whisper When I Speak.mp3}
132,1.399929,800,239,77,71,4182,314,684,227,932,81,263,73,410,36,87,20,4235,366,618,122,924,81,239,46,412,40,80,15,400,120,123,66,2104,159,1950,972,467,41,655,361,203,19,376,199;g#{17},g{Rock},a{Moxy Früvous},l{You Will Go To The Moon},t{You Will Go To The Moon},f{/mnt/cdrom/Moxy Fruvous - You Will Go To The Moon/13 You Will Go To The Moon.mp3}
333,1.275273,847,186,77,29,3274,258,874,155,1197,75,424,76,348,21,113,16,3250,251,853,151,1181,76,417,72,345,20,111,16,424,93,196,108,1650,128,3419,1930,599,38,1609,1073,172,11,535,326;g#{62},g{Pop/Funk},a{The House Jacks},l{Naked Noise},t{Jack It Up},f{The House Jacks - Naked Noise/06 Jack It Up.mp3}
301,1.319905,866,235,59,41,3924,521,786,295,1186,196,438,127,401,49,111,39,3929,524,760,271,1174,196,425,109,400,48,109,37,433,118,138,98,1974,262,2374,1208,592,98,1195,781,198,25,424,207;g#{8},g{Jazz},a{M-Pact},l{2},t{Without Your Love},f{M-Pact - 2/02 Without Your Love.mp3}
241,1.352113,866,231,65,43,4375,294,842,214,1168,83,354,116,438,42,120,34,4353,304,826,211,1159,79,343,106,434,44,118,33,434,115,157,84,2200,150,3025,1706,585,41,1370,827,217,20,502,262;g#{12},g{Other},a{Vocal Sampling},l{Una Forma Mas},t{Ojos Malignos},f{/mnt/cdrom/Vocal Sampling - Una Forma Mas/03 Ojos Malignos.mp3}
407,1.317383,865,223,38,28,3395,364,504,155,996,155,267,84,362,37,68,19,3399,365,497,150,992,149,263,78,362,37,68,19,433,111,100,58,1708,184,1407,632,498,77,559,290,178,19,343,138;g#{8},g{Jazz},a{Vox One},l{Out There},t{Say You'll Always Be},f{/mnt/cdrom/Vox One - Out There/07 Say You'll Always Be.mp3}
136,1.264701,878,211,57,61,4143,417,579,242,1076,137,275,92,422,38,91,25,4159,426,529,203,1072,139,260,88,422,39,87,25,439,106,133,69,2088,210,2451,1089,538,70,747,400,209,19,365,222;g#{115},g{Unknown},a{AC Rock},l{Acappellago},t{Istanbul},f{/mnt/cdrom/AC Rock - Acappellago/01 Istanbul.mp3}
254,1.374096,886,250,54,53,3330,467,671,358,1002,186,353,110,345,42,90,26,3273,322,632,231,995,179,346,102,341,44,88,25,444,125,144,85,1675,235,2080,994,503,93,1017,597,170,20,399,218;g#{115},g{Unknown},a{Ball In The House},l{Hot Lips: Vocal Band Sampler},t{Burned},f{/mnt/cdrom/Hot Lips- Vocal Band Sampler/11 Ball In The House - Burned.mp3}
205,1.168695,874,167,62,31,3903,396,431,196,1055,113,210,110,415,42,69,25,3925,343,402,97,1057,127,195,50,416,38,66,16,437,84,105,65,1964,202,1730,668,527,57,567,292,204,21,368,171;g#{0},g{Blues},a{The Flying Pickets},l{Modern A Cappella},t{Only You},f{/mnt/cdrom/Modern A Cappella/03 The Flying Pickets - Only You.mp3}
157,1.241396,878,195,90,60,4968,462,705,293,979,78,309,103,440,42,127,30,4996,286,652,169,972,83,290,70,438,34,121,25,439,98,143,83,2500,237,2692,1141,488,39,945,489,217,22,434,207;g#{24},g{Soundtrack},a{The Mint Julips},l{Spike & Co. Do It A Cappella},t{Don't Let Your Heart},f{Spike & Co. Do It A Cappella/02 The Mint Julips - Don't Let Your Heart.mp3}
336,1.329236,827,228,74,41,4383,553,645,404,875,161,309,147,398,78,97,36,4420,550,598,263,869,190,291,112,399,81,92,24,414,114,138,79,2206,280,1966,921,436,81,876,586,196,40,467,249;g#{8},g{Jazz},a{AC Rock},l{UR What UR},t{Bohemian Rhapsody},f{/mnt/cdrom/AC Rock - UR What UR/09 Bohemian Rhapsody.mp3}
184,1.288755,893,211,68,55,4519,393,763,199,1250,146,339,101,463,34,109,20,4492,389,737,137,1235,118,325,59,459,34,108,19,447,105,155,106,2277,199,2806,1352,628,74,1128,669,229,17,403,148;g#{12},g{Other},a{Vocal Sampling},l{Una Forma Mas},t{Soy Del Monte},f{/mnt/cdrom/Vocal Sampling - Una Forma Mas/09 Soy Del Monte.mp3}
150,1.281145,859,194,79,35,3801,202,628,229,815,71,332,92,353,22,99,17,3817,192,591,206,800,59,308,76,352,22,95,15,430,97,147,70,1912,100,1938,1277,407,35,1322,961,174,11,395,195;g#{8},g{Jazz},a{AC Rock},l{UR What UR},t{Things We Said Today},f{/mnt/cdrom/AC Rock - UR What UR/07 Things We Said Today.mp3}
235,1.230080,836,172,63,33,3704,185,507,132,814,116,359,72,315,38,107,22,3700,182,496,124,806,113,355,64,313,38,106,20,418,86,147,82,1866,92,2496,1303,408,60,1278,756,155,20,587,386;g#{8},g{Jazz},a{Bobby McFerrin},l{Simple Pleasures},t{Them Changes},f{/mnt/cdrom/Bobby McFerrin - Simple Pleasures/09 Them Changes.mp3}
468,1.303555,518,411,52,63,2721,2005,454,475,590,453,233,198,231,173,77,62,2851,2013,388,346,599,443,214,172,239,173,71,54,258,207,207,149,1366,1010,1596,1244,293,228,763,434,112,87,464,215;g#{28},g{Vocal},a{Mary Schmary},l{Smarty Pants},t{Already Gone},f{Mary Schmary - Smarty Pants/12 Already Gone.mp3}
199,1.443613,864,269,37,33,3540,343,693,179,1239,177,388,89,386,46,93,17,3539,334,678,166,1234,179,381,83,385,46,92,15,433,134,112,64,1781,174,2519,1513,620,90,1141,740,190,23,410,232;g#{12},g{Other},a{Five O'Clock Shadow},l{So There},t{Move On},f{Five O'Clock Shadow - So There/07 Move On.mp3}
201,1.456662,866,280,33,44,3807,436,674,175,1136,152,346,70,392,46,89,24,3812,396,658,161,1133,153,336,56,393,43,86,23,433,141,138,86,1914,221,1912,1034,569,78,995,655,194,23,409,244;g#{12},g{Other},a{Schrödingers Cat},l{Big Beat A Cappella},t{Yes, You},f{/mnt/cdrom/Schrodingers Cat - Big Beat A Cappella/02 Yes, You.mp3}
170,1.410985,862,256,47,35,3707,571,601,218,1029,201,320,67,395,61,83,16,3714,573,579,209,1025,200,314,67,395,60,82,16,432,128,119,78,1866,291,2122,1325,516,101,880,521,196,31,335,194;g#{28},g{Vocal},a{Rockapella},l{Primer},t{Shambala},f{Rockapella - Primer/16 Shambala.mp3}
224,1.274727,875,213,78,62,4674,473,685,136,1202,179,288,107,491,55,103,21,4648,442,664,118,1186,152,273,54,488,55,102,22,438,107,162,113,2350,238,2126,1054,601,90,954,450,243,27,432,242;g#{12},g{Other},a{Vocal Sampling},l{Una Forma Mas},t{Que Bueno Baila Usted (Castell},f{/mnt/cdrom/Vocal Sampling - Una Forma Mas/05 Que Bueno Baila Usted (Castellano).mp3}
296,1.270818,850,216,76,51,4128,632,1082,367,1432,320,473,125,451,81,144,32,4101,609,1071,361,1428,317,476,128,447,78,143,31,424,108,291,271,2087,325,4180,2412,727,161,2101,1725,225,41,445,256;g#{115},g{Unknown},a{spiralmouth},l{spiralmouth},t{Closer},f{/mnt/cdrom/spiralmouth - spiralmouth/11 Closer.mp3}
279,1.323170,880,227,55,54,4221,396,536,158,967,147,328,93,413,49,91,18,4221,387,511,138,953,150,311,74,411,50,87,16,440,114,142,95,2124,197,2027,1017,483,75,1107,732,204,25,399,223;g#{28},g{Vocal},a{Street Sounds},l{Street Sounds},t{Down By the Riverside / This L},f{/mnt/cdrom/Street Sounds - Street Sounds/06 Down By the Riverside, This Little Light of Mine.mp3}
231,1.263447,932,201,37,24,3998,528,817,325,1426,192,421,90,433,63,107,30,3990,515,808,320,1423,195,418,90,431,63,106,30,466,101,170,149,2012,267,2911,1778,715,95,1241,829,214,32,456,247;g#{115},g{Unknown},a{spiralmouth},l{spiralmouth},t{Nothing is Written},f{/mnt/cdrom/spiralmouth - spiralmouth/04 Nothing is Written.mp3}
460,1.194629,833,275,40,18,3637,690,694,348,1264,299,440,243,401,75,100,44,3745,387,638,230,1363,444,398,122,416,51,93,26,416,138,152,99,1832,347,2529,1536,634,151,1239,847,198,38,441,248;g#{62},g{Pop/Funk},a{The House Jacks},l{Funkwich},t{Kashmir},f{The House Jacks - Funkwich/11 Kashmir.mp3}
318,1.184585,803,173,104,45,4091,519,1019,213,1155,124,406,107,429,51,131,25,4095,491,1006,219,1132,115,395,92,425,49,129,26,401,87,201,118,2056,264,3000,1702,576,63,1506,836,212,26,514,257;g#{28},g{Vocal},a{The Trenchcoats},l{It Turns Me On},t{Mama Told Me (Not to Come)},f{The Trenchcoats - It Turns Me On/12 Mama Told Me (Not to Come).mp3}
165,1.254337,831,176,83,61,4646,377,741,236,1220,175,334,82,474,44,101,22,4687,370,690,175,1207,173,316,68,474,44,96,20,416,88,117,65,2339,191,2376,1335,609,87,1023,620,234,22,415,199;g#{28},g{Vocal},a{The Trenchcoats},l{It Turns Me On},t{Joy to the World},f{The Trenchcoats - It Turns Me On/06 Joy to the World.mp3}
257,1.240727,903,188,58,47,3554,341,678,268,1190,196,362,98,375,34,97,32,3560,332,639,198,1186,184,352,90,375,29,94,28,452,94,167,91,1789,177,2281,1440,596,98,1499,1042,185,18,415,216;g#{12},g{Other},a{Boyz Nite Out},l{A Cappella All-Stars The 1997},t{Crazy},f{/mnt/cdrom/CARAs 1997/04 Boyz Nite Out - Crazy.mp3}
297,1.376098,824,253,79,57,4137,518,681,234,897,132,323,102,365,51,103,25,4176,479,654,213,880,138,311,93,364,52,101,24,412,127,132,91,2081,262,2228,1065,449,66,845,557,180,26,401,193;g#{28},g{Vocal},a{Street Sounds},l{Street Sounds},t{Blues Medley -- You Got Me Run},f{/mnt/cdrom/Street Sounds - Street Sounds/09 Blues Medley -- You Got Me Running, C.C. Rider.mp3}
208,1.332013,851,242,89,52,4134,374,785,254,1021,214,367,164,400,45,132,27,4065,282,755,188,974,124,350,137,388,47,130,25,426,121,235,146,2080,192,2989,1256,508,109,1660,970,197,23,628,364;g#{12},g{Other},a{Vocal Sampling},l{Una Forma Mas},t{Congo Yambumba},f{/mnt/cdrom/Vocal Sampling - Una Forma Mas/06 Congo Yambumba.mp3}
287,1.275102,877,195,55,38,4083,434,595,248,1021,155,268,62,411,48,83,28,4088,441,586,236,1018,156,264,60,411,47,82,27,439,98,120,65,2052,218,1865,867,510,79,827,541,203,24,420,262;g#{28},g{Vocal},a{The Trenchcoats},l{Your Joy},t{Your Joy},f{The Trenchcoats - Your Joy/04 Your Joy.mp3}
231,1.250094,857,187,58,25,4043,716,771,259,1130,232,389,106,415,100,109,26,4059,727,761,255,1115,230,383,104,414,102,108,26,429,94,135,72,2035,363,2475,1517,566,116,1242,676,205,50,395,177;g#{8},g{Jazz},a{Bobby McFerrin},l{Spontaneous Inventions},t{Beverly Hills Blues},f{/mnt/cdrom/Bobby McFerrin - Spontaneous Inventions/10 Beverly Hills Blues.mp3}
206,1.254892,826,183,80,64,4427,395,892,290,1161,137,374,120,446,51,121,32,4480,367,837,223,1152,131,353,67,448,51,115,29,413,92,134,101,2226,201,2425,1236,580,69,1129,646,220,26,483,216;g#{28},g{Vocal},a{The Trenchcoats},l{It Turns Me On},t{Some Kind of Wonderful},f{The Trenchcoats - It Turns Me On/09 Some Kind of Wonderful.mp3}
31,1.042759,757,161,116,56,3937,206,881,572,1111,153,460,152,433,20,133,51,4065,219,753,310,1128,214,419,82,442,39,119,19,378,81,318,211,1971,108,3880,2202,553,75,1540,638,212,8,588,415;g#{0},g{Blues},a{SoVoSo},l{SoVoSo},t{First Words},f{SoVoSo/01 First Words.mp3}
156,1.324102,845,256,75,51,3796,455,557,217,817,122,299,121,336,46,93,30,3814,435,538,202,804,120,282,110,333,43,89,28,423,128,140,107,1909,226,1944,1189,406,60,967,600,164,22,496,197;g#{28},g{Vocal},a{Street Sounds},l{Street Sounds},t{Dream Variations},f{/mnt/cdrom/Street Sounds - Street Sounds/04 Dream Variations.mp3}
190,1.306910,889,227,68,36,4389,535,852,124,1194,136,363,71,444,64,121,15,4371,530,847,126,1187,142,356,60,441,63,120,15,445,114,192,208,2208,265,2649,1305,598,68,1269,656,220,32,420,177;g#{12},g{Other},a{Vocal Sampling},l{Una Forma Mas},t{Una Forma Mas},f{/mnt/cdrom/Vocal Sampling - Una Forma Mas/07 Una Forma Mas.mp3}
205,1.231328,906,188,64,33,4481,413,927,162,1636,229,455,71,496,41,117,14,4484,405,915,156,1627,236,450,70,495,39,116,14,454,94,152,80,2256,208,3182,1717,820,116,1352,867,246,21,367,177;g#{62},g{Pop/Funk},a{The House Jacks},l{Funkwich},t{Dirt},f{The House Jacks - Funkwich/06 Dirt.mp3}
159,1.280857,864,199,79,38,3818,381,874,121,1177,147,385,69,396,61,135,22,3821,375,856,122,1171,150,381,70,395,60,134,22,432,100,157,103,1915,192,2545,1244,590,77,1276,697,195,30,496,290;g#{28},g{Vocal},a{The Trenchcoats},l{Your Joy},t{These Boots Were Made For Walk},f{The Trenchcoats - Your Joy/11 These Boots Were Made For Walking.mp3}
274,1.337911,863,236,64,45,3689,463,563,228,921,217,332,124,345,57,88,25,3704,435,520,172,911,222,311,91,344,56,83,22,432,118,117,66,1854,234,1682,777,460,108,852,550,169,28,388,199;g#{14},g{R&B},a{Five Live},l{Quintessence},t{Walking On The Right Side},f{Five Live - Quintessence/Five Live--05 Walking On The Right Side.mp3}
199,1.259460,876,191,67,37,3890,342,715,296,901,125,380,111,342,47,96,22,3918,325,695,282,894,125,369,102,342,46,94,19,438,96,124,61,1954,172,2058,1148,449,64,1043,486,168,22,499,273;g#{0},g{Blues},a{DaVinci's Notebook},l{Bendy's Law},t{(Sittin' on) The Dock of the B},f{/mnt/cdrom/DaVinci's Notebook - Bendy's Law/09 (Sittin' on) The Dock of the Bay.mp3}
296,1.230988,877,182,60,46,4164,424,882,330,1381,127,421,137,444,44,116,36,4185,447,865,281,1378,126,411,116,445,44,115,33,439,91,118,83,2093,212,2497,1272,692,64,1276,698,220,22,436,251;g#{62},g{Pop/Funk},a{The House Jacks},l{Funkwich},t{Don't Turn Away},f{The House Jacks - Funkwich/03 Don't Turn Away.mp3}
194,1.323381,844,212,73,42,4590,415,767,244,1084,201,338,92,425,53,109,32,4603,424,747,236,1072,209,328,87,424,56,106,32,422,106,145,86,2309,210,2464,1267,541,100,1010,522,210,26,465,241;g#{28},g{Vocal},a{The Trenchcoats},l{Your Joy},t{Spinning Wheel},f{The Trenchcoats - Your Joy/10 Spinning Wheel.mp3}
283,1.287861,828,200,112,50,3837,564,1046,335,1121,201,457,115,381,60,130,34,3834,565,1012,326,1092,191,438,106,377,59,125,33,414,100,193,92,1930,285,2485,1256,559,100,1458,637,187,30,516,285;g#{28},g{Vocal},a{The Trenchcoats},l{Your Joy},t{The A Cappello Blues},f{The Trenchcoats - Your Joy/12 The A Cappello Blues.mp3}
196,1.294959,912,226,65,58,3646,481,985,230,1425,156,410,110,412,51,117,22,3643,406,972,198,1429,151,398,81,412,41,116,17,456,113,214,121,1834,244,3021,1446,715,81,1712,922,204,26,490,256;g#{0},g{Blues},a{Ball in the House},l{Ball in the House},t{Gravity Buster},f{/mnt/cdrom/Ball in the House/12 Gravity Buster.mp3}
152,1.173670,876,151,83,57,3676,346,772,121,1111,137,452,61,353,35,114,11,3695,319,767,130,1082,135,439,58,349,35,113,12,438,76,142,94,1849,169,2922,1605,555,69,1498,916,173,17,461,259;g#{8},g{Jazz},a{Bobby McFerrin},l{Spontaneous Inventions},t{Cara Mia},f{/mnt/cdrom/Bobby McFerrin - Spontaneous Inventions/05 Cara Mia.mp3}
214,1.325879,773,220,103,72,4625,506,912,355,1119,149,379,173,466,39,113,24,4573,383,826,241,1087,136,350,130,459,36,108,23,387,110,141,103,2332,256,2889,1520,561,76,1244,712,231,20,370,215;g#{28},g{Vocal},a{Throat Culture},l{Acappella Head},t{Fonemate},f{Throat Culture - Acapella Head/03 Fonemate.mp3}
176,1.134079,863,123,85,52,3677,159,637,149,927,143,404,114,363,25,119,19,3669,161,610,116,903,94,383,56,360,23,116,16,431,62,152,66,1848,84,2124,1059,463,73,1157,805,179,13,470,239;g#{8},g{Jazz},a{Bobby McFerrin},l{Simple Pleasures},t{All I Want},f{/mnt/cdrom/Bobby McFerrin - Simple Pleasures/02 All I Want.mp3}
135,1.233700,872,187,62,47,4425,413,651,262,1088,139,336,155,449,47,97,25,4420,442,614,205,1068,145,314,109,446,49,94,25,437,93,122,71,2226,208,2381,1603,543,69,907,634,222,23,460,270;g#{28},g{Vocal},a{Throat Culture},l{Acappella Head},t{Crasstown Traffic},f{Throat Culture - Acapella Head/02 Crasstown Traffic.mp3}
209,1.289037,907,215,62,50,3895,350,769,149,1326,186,431,166,407,57,115,17,3872,360,749,143,1302,198,409,84,403,60,114,17,454,108,188,114,1958,178,2265,1168,662,95,1490,867,201,30,557,325;g#{8},g{Jazz},a{Extempo},l{Channel 32},t{bluegreen},f{/mnt/cdrom/Extempo - Channel 32/07 bluegreen.mp3}
283,1.256677,844,187,67,36,3720,284,435,222,648,142,286,114,278,60,93,23,3721,291,412,170,633,135,268,90,275,60,89,19,422,94,107,73,1872,143,1676,1028,322,71,695,465,136,30,430,212;g#{0},g{Blues},a{SoVoSo},l{SoVoSo},t{Dirt},f{SoVoSo/07 Dirt.mp3}
239,1.378790,870,242,59,31,3956,202,797,160,987,101,353,80,376,27,124,24,3932,204,779,145,980,101,344,62,372,28,122,23,435,122,172,117,1989,102,2726,1267,493,52,1186,666,185,14,522,281;g#{12},g{Other},a{Vocal Sampling},l{Una Forma Mas},t{Exclusiva},f{/mnt/cdrom/Vocal Sampling - Una Forma Mas/08 Exclusiva.mp3}
198,1.161728,902,139,48,60,3289,258,451,311,820,190,347,218,311,37,74,38,3294,219,413,287,814,187,336,218,310,34,70,35,451,70,92,69,1654,130,1405,742,409,95,656,519,152,18,392,188;g#{28},g{Vocal},a{Mary Schmary},l{Smarty Pants},t{Peace},f{Mary Schmary - Smarty Pants/06 Peace.mp3}
281,1.400305,846,245,51,33,3626,479,788,143,1239,110,371,81,388,41,109,18,3623,480,778,138,1236,109,367,78,386,41,107,17,423,123,125,71,1822,243,2140,976,623,56,1198,714,192,20,427,211;g#{8},g{Jazz},a{SoVoSo},l{Truth & Other Stories},t{Thank You For The Dream},f{SoVoSo - Truth & Other Stories/03 Thank You For The Dream.mp3}
225,1.171297,831,199,78,66,4091,330,568,356,1029,267,326,178,393,67,101,41,4097,348,536,310,1008,248,301,125,392,69,97,38,415,100,138,120,2058,165,2031,1266,514,135,884,627,194,34,388,217;g#{28},g{Vocal},a{The Trenchcoats},l{It Turns Me On},t{The Lion Sleeps Tonight},f{The Trenchcoats - It Turns Me On/11 The Lion Sleeps Tonight.mp3}
111,1.254400,841,192,80,83,4046,208,640,200,1141,176,369,199,409,31,97,18,4055,235,615,185,1100,80,334,131,408,31,94,14,421,96,148,86,2035,109,2188,1398,571,88,1057,680,201,16,506,312;g#{2},g{Country},a{The Edlos},l{A Cappella Country},t{Castin' My Lasso},f{/mnt/cdrom/The Edlos - A Cappella Country/12 Castin' My Lasso.mp3}
286,1.361876,907,260,42,32,3071,459,504,418,1014,196,341,92,299,45,95,33,3041,433,465,314,1006,192,332,75,296,44,93,32,454,130,191,128,1545,232,1756,1158,505,98,1114,636,147,23,522,290;g#{115},g{Unknown},a{Five O'Clock Shadow},l{Hot Lips: Vocal Band Sampler},t{What's It All About},f{/mnt/cdrom/Hot Lips- Vocal Band Sampler/02 Five O'Clock Shadow - What's It All About.mp3}
444,1.345308,938,252,35,36,3533,389,526,138,985,144,254,91,373,42,61,16,3539,351,514,110,986,143,249,75,374,38,60,12,470,126,144,85,1777,197,1722,992,492,72,816,507,184,21,376,193;g#{12},g{Other},a{Schrödingers Cat},l{Big Beat A Cappella},t{In Your Eyes},f{/mnt/cdrom/Schrodingers Cat - Big Beat A Cappella/06 In Your Eyes.mp3}
503,1.318876,779,216,58,37,3673,490,300,243,675,161,193,111,304,66,64,20,3696,504,285,202,662,153,186,103,302,67,63,19,390,108,123,91,1847,247,1412,537,336,81,627,412,149,33,408,243;g#{8},g{Jazz},a{SoVoSo},l{Truth & Other Stories},t{For The Forest},f{SoVoSo - Truth & Other Stories/06 For The Forest.mp3}
162,1.325293,890,225,60,49,5107,278,451,209,860,77,222,77,481,44,81,20,5122,275,427,170,851,74,212,64,480,45,79,18,445,113,119,64,2572,139,2460,944,429,39,757,618,239,22,360,194;g#{115},g{Unknown},a{AC Rock},l{Acappellago},t{Vehicle},f{/mnt/cdrom/AC Rock - Acappellago/04 Vehicle.mp3}
210,1.218249,874,198,74,51,3901,358,918,166,1347,174,387,102,446,55,125,23,3911,352,893,130,1336,180,374,87,446,55,122,20,437,99,152,105,1962,182,2851,1591,676,87,1440,712,221,28,422,240;g#{0},g{Blues},a{Rockapella},l{Where in The World Is Carmen S},t{Capital},f{Rockapella - Where in the World is Carmen Sandiego?/01 Rockapella - Capital.mp3}
218,1.235024,867,183,80,43,4967,314,525,318,964,112,260,84,449,55,113,29,5010,287,466,100,953,109,248,52,449,61,107,20,434,91,135,70,2499,158,2226,880,481,56,756,438,222,28,433,267;g#{24},g{Soundtrack},a{The Mint Julips},l{Spike & Co. Do It A Cappella},t{Higher And Higher},f{Spike & Co. Do It A Cappella/09 The Mint Julips - Higher And Higher.mp3}
161,1.303224,840,209,73,62,4731,310,538,311,990,112,226,104,465,31,78,31,4777,247,466,146,984,113,206,63,467,27,70,20,420,105,117,66,2381,158,2195,894,495,57,702,488,230,16,370,176;g#{12},g{Other},a{The Gas House Gang},l{A Cappella All-Stars The 1997},t{Strike Up The Band Medley},f{/mnt/cdrom/CARAs 1997/11 The Gas House Gang - Strike Up The Band Medley.mp3}
247,1.426255,838,254,37,29,3681,451,853,223,1485,202,398,114,407,63,118,23,3664,445,839,219,1481,203,396,112,405,63,116,23,420,127,157,103,1852,231,2759,1365,744,103,1356,758,201,32,515,247;g#{115},g{Unknown},a{spiralmouth},l{spiralmouth},t{Spoonman},f{/mnt/cdrom/spiralmouth - spiralmouth/08 Spoonman.mp3}
189,1.200017,864,182,72,43,3966,310,509,231,937,279,281,122,390,63,84,24,3963,306,493,210,912,197,274,136,387,60,83,24,432,91,121,65,1997,156,1985,1216,469,141,724,439,193,31,338,194;g#{2},g{Country},a{The Edlos},l{A Cappella Country},t{Your Cheatin' Heart},f{/mnt/cdrom/The Edlos - A Cappella Country/05 Your Cheatin' Heart.mp3}
239,1.289454,852,217,79,46,4556,499,720,293,1061,135,302,85,433,51,96,31,4581,478,697,277,1056,134,296,81,433,49,93,30,426,109,139,100,2292,251,2345,1073,532,69,933,614,214,26,344,206;g#{28},g{Vocal},a{The Trenchcoats},l{Your Joy},t{I Can See Clearly Now},f{The Trenchcoats - Your Joy/01 I Can See Clearly Now.mp3}
101,1.192689,842,162,107,88,4271,490,909,390,1081,147,424,81,417,68,129,33,4353,331,785,199,1081,108,388,59,420,55,120,23,420,81,148,116,2151,247,2584,1175,543,75,1242,716,208,34,423,194;g#{28},g{Vocal},a{Mary Schmary},l{Smarty Pants},t{Uterus},f{Mary Schmary - Smarty Pants/04 Uterus.mp3}
221,1.284799,853,202,65,43,4237,431,1080,214,1522,137,502,104,454,42,126,25,4217,409,1068,203,1520,133,497,94,451,40,124,23,426,102,194,123,2134,217,3661,2027,765,70,1509,866,225,21,439,251;g#{62},g{Pop/Funk},a{The House Jacks},l{Funkwich},t{Let's Get To It},f{The House Jacks - Funkwich/07 Let's Get To It.mp3}
194,1.327090,789,216,102,71,4282,531,861,328,996,167,314,67,403,56,115,33,4357,492,803,278,982,163,303,65,408,52,109,28,395,108,151,95,2155,269,2375,1108,498,84,952,544,199,28,404,195;g#{28},g{Vocal},a{The Trenchcoats},l{Your Joy},t{Route 66},f{The Trenchcoats - Your Joy/05 Route 66.mp3}
168,1.276937,881,255,45,31,3987,536,443,283,829,155,222,93,370,45,73,27,4057,365,390,104,837,143,209,62,375,30,68,18,440,128,128,70,2006,270,1627,691,414,78,595,484,182,23,392,222;g#{0},g{Blues},a{DaVinci's Notebook},l{Bendy's Law},t{Call Me},f{/mnt/cdrom/DaVinci's Notebook - Bendy's Law/11 Call Me.mp3}
188,1.403337,833,270,81,38,3321,490,1178,193,1115,165,544,88,366,54,152,19,3353,346,1117,200,1121,165,522,58,369,46,146,19,417,135,176,107,1671,251,3349,1680,559,87,1877,1294,180,28,525,222;g#{14},g{R&B},a{Five Live},l{Quintessence},t{Tu Was Du Willst},f{Five Live - Quintessence/Five Live--14 Tu Was Du Willst.mp3}
163,1.278883,908,206,59,37,4427,518,642,184,1191,128,287,74,452,50,85,21,4438,518,622,190,1189,127,281,74,452,50,83,21,455,103,118,59,2230,262,2626,1483,597,63,759,487,224,25,338,169;g#{115},g{Unknown},a{AC Rock},l{Acappellago},t{Kiss From a Rose},f{/mnt/cdrom/AC Rock - Acappellago/08 Kiss From a Rose.mp3}
129,1.320512,866,221,73,74,4227,406,667,267,980,108,369,94,419,52,105,29,4233,381,631,225,957,126,341,61,415,50,101,28,433,111,166,105,2128,202,2787,1743,489,52,1142,572,206,26,421,243;g#{0},g{Blues},a{DaVinci's Notebook},l{Bendy's Law},t{Liposuction},f{/mnt/cdrom/DaVinci's Notebook - Bendy's Law/02 Liposuction.mp3}
280,1.343908,912,250,55,40,3505,354,898,174,1295,125,443,120,412,43,120,27,3503,298,878,159,1286,131,430,99,411,37,117,26,456,126,140,105,1763,181,3314,1748,647,65,1523,867,203,22,529,280;g#{12},g{Other},a{Schrödingers Cat},l{Big Beat A Cappella},t{When Doves Cry},f{/mnt/cdrom/Schrodingers Cat - Big Beat A Cappella/04 When Doves Cry.mp3}
279,1.295119,861,231,56,36,3962,458,557,278,951,275,279,158,389,64,86,31,3979,416,520,233,947,274,267,111,389,62,83,28,431,115,113,59,1995,231,2007,1045,476,139,716,440,192,32,360,174;g#{14},g{R&B},a{Five Live},l{Quintessence},t{Homeless},f{Five Live - Quintessence/Five Live--15 Homeless.mp3}
214,1.330508,896,243,59,54,3642,366,662,140,986,162,344,121,367,39,97,22,3660,354,653,150,971,164,329,100,366,39,94,22,448,122,146,84,1831,183,1818,980,492,82,900,498,180,19,394,196;g#{12},g{Other},a{Schrödingers Cat},l{Big Beat A Cappella},t{Day-O},f{/mnt/cdrom/Schrodingers Cat - Big Beat A Cappella/07 Day-O.mp3}
260,1.319971,884,236,48,41,3812,455,487,247,760,127,298,139,334,43,81,27,3834,389,456,156,757,135,283,99,334,38,78,20,442,119,128,69,1918,230,1703,698,378,65,736,372,164,22,398,177;g#{8},g{Jazz},a{M-Pact},l{2},t{A Mile in My Shoes},f{M-Pact - 2/09 A Mile in My Shoes.mp3}
173,1.317222,935,248,48,55,3796,228,691,262,1288,89,360,83,425,25,91,30,3836,153,653,83,1292,58,347,50,428,18,86,11,468,125,149,76,1907,112,2619,1104,646,45,1280,737,210,12,455,248;g#{28},g{Vocal},a{Rockapella},l{Primer},t{Zombie Jamboree},f{Rockapella - Primer/12 Zombie Jamboree.mp3}
265,1.380702,856,254,60,38,3805,412,768,212,1155,145,395,105,396,53,109,20,3826,316,733,165,1155,137,382,78,397,46,106,17,429,127,132,92,1915,206,2225,1257,579,74,1199,611,196,26,432,185;g#{14},g{R&B},a{Five Live},l{Quintessence},t{Everything Must Change},f{Five Live - Quintessence/Five Live--03 Everything Must Change.mp3}
253,1.215316,840,185,76,40,3531,360,734,116,1218,152,410,65,371,40,100,14,3520,352,727,121,1212,156,409,68,369,39,101,15,420,92,188,118,1772,185,2365,1176,609,78,1341,728,182,20,549,277;g#{62},g{Pop/Funk},a{The House Jacks},l{Naked Noise},t{The Way It Makes Me Feel},f{The House Jacks - Naked Noise/02 The Way It Makes Me Feel.mp3}
148,1.268530,861,221,62,45,3948,391,681,349,881,132,329,76,351,44,107,22,4033,259,600,160,889,93,315,71,357,28,101,18,431,111,143,105,1984,196,2025,1101,438,65,884,556,172,22,478,236;g#{28},g{Vocal},a{Mary Schmary},l{Smarty Pants},t{More Than Human},f{Mary Schmary - Smarty Pants/09 More Than Human.mp3}
230,1.308339,843,218,95,51,4218,467,778,270,1017,173,427,102,401,42,117,27,4245,482,731,203,993,175,403,94,399,43,111,20,422,109,162,87,2124,236,3068,1606,510,87,1453,920,198,21,502,240;g#{28},g{Vocal},a{Street Sounds},l{Street Sounds},t{On Children},f{/mnt/cdrom/Street Sounds - Street Sounds/11 On Children.mp3}
174,1.200987,869,178,65,42,4389,443,687,411,1048,199,374,153,430,51,111,32,4349,326,661,357,1031,190,360,131,425,45,110,33,434,90,129,85,2208,223,2399,1561,524,100,1139,721,213,26,507,284;g#{28},g{Vocal},a{Throat Culture},l{Acappella Head},t{Fly Like an Eagle},f{Throat Culture - Acapella Head/11 Fly Like an Eagle.mp3}
247,1.333035,934,239,41,34,3532,206,572,169,1022,95,295,94,387,19,71,22,3526,208,570,157,1019,90,290,90,386,20,70,21,468,119,150,78,1778,103,1775,964,512,50,961,594,191,10,386,202;g#{12},g{Other},a{Schrödingers Cat},l{Big Beat A Cappella},t{Sexual Healing},f{/mnt/cdrom/Schrodingers Cat - Big Beat A Cappella/08 Sexual Healing.mp3}
204,1.282437,869,231,64,37,3591,483,542,320,827,114,295,116,346,52,81,21,3640,500,493,164,826,123,278,84,349,47,76,16,435,116,137,78,1806,244,1839,712,412,58,950,563,170,26,415,189;g#{0},g{Blues},a{DaVinci's Notebook},l{Bendy's Law},t{Window-Washing Cowboy},f{/mnt/cdrom/DaVinci's Notebook - Bendy's Law/06 Window-Washing Cowboy.mp3}
194,1.310130,860,216,71,55,3905,412,700,201,997,189,373,103,398,59,110,29,3922,387,669,179,991,190,363,100,399,56,107,28,431,108,156,96,1963,208,2180,939,497,96,1293,766,196,30,441,230;g#{28},g{Vocal},a{Street Sounds},l{Street Sounds},t{Jesus Hits Like an Atom Bomb},f{/mnt/cdrom/Street Sounds - Street Sounds/10 Jesus Hits Like an Atom Bomb.mp3}
189,1.266646,848,213,58,35,3128,321,821,101,1306,127,389,77,331,26,83,13,3115,301,804,102,1300,120,385,72,329,24,81,11,424,106,190,119,1577,168,3120,2229,657,64,1550,833,163,13,431,237;g#{62},g{Pop/Funk},a{The House Jacks},l{Naked Noise},t{Tear Down The Walls},f{The House Jacks - Naked Noise/01 Tear Down The Walls.mp3}
117,1.378645,831,245,65,64,4400,381,729,339,1051,127,311,91,403,30,102,32,4469,357,662,134,1054,137,295,48,407,39,94,17,416,123,116,67,2215,193,2432,1222,526,64,831,429,199,15,442,222;g#{24},g{Soundtrack},a{True Image},l{Spike & Co. Do It A Cappella},t{I Need You},f{Spike & Co. Do It A Cappella/01 True Image - I Need You.mp3}
175,1.262231,833,177,57,45,3850,305,417,205,876,207,246,105,369,63,71,20,3852,300,404,199,869,206,233,85,368,63,70,19,417,88,104,84,1937,153,1591,698,438,104,720,634,182,32,372,202;g#{2},g{Country},a{The Edlos},l{A Cappella Country},t{The Cattle Call},f{/mnt/cdrom/The Edlos - A Cappella Country/09 The Cattle Call.mp3}
212,1.325322,823,239,68,38,4235,562,915,227,1208,137,392,158,444,62,113,24,4264,421,900,199,1231,243,368,72,446,51,111,22,412,119,141,88,2133,284,3165,1617,606,67,1322,864,220,31,434,218;g#{12},g{Other},a{M-Pact},l{It's All About Harmony},t{29 Ways},f{M-Pact - It's All About Harmony/07 29 Ways.mp3}
62,1.250321,935,196,37,20,4093,92,409,140,739,61,215,71,342,39,79,25,4090,91,402,130,736,64,210,66,341,40,78,23,468,98,118,55,2056,45,1395,526,369,33,670,480,169,20,382,198;g#{0},g{Blues},a{SoVoSo},l{SoVoSo},t{That Day},f{SoVoSo/08 That Day.mp3}
211,1.295464,838,200,91,48,4214,640,763,261,982,121,343,94,397,62,110,28,4246,646,732,239,966,119,330,87,396,61,106,27,419,100,153,103,2119,321,2141,815,488,61,1043,819,195,31,491,241;g#{28},g{Vocal},a{The Trenchcoats},l{Your Joy},t{Stray Cat Strut},f{The Trenchcoats - Your Joy/03 Stray Cat Strut.mp3}
294,1.141849,841,146,79,46,3605,271,568,236,921,157,332,135,349,32,91,25,3629,260,544,162,909,123,316,85,348,30,88,19,420,73,159,90,1814,136,1958,1107,461,79,1155,825,171,16,456,248;g#{8},g{Jazz},a{Bobby McFerrin},l{Simple Pleasures},t{Don't Worry, Be Happy},f{/mnt/cdrom/Bobby McFerrin - Simple Pleasures/01 Don't Worry, Be Happy.mp3}
257,1.269539,880,196,62,38,4358,412,809,248,1239,267,372,94,447,56,115,27,4360,412,796,240,1232,272,363,90,446,58,113,25,440,98,147,82,2193,208,2928,1469,623,136,1308,930,222,29,454,254;g#{12},g{Other},a{M-Pact},l{It's All About Harmony},t{Higher and Higher},f{M-Pact - It's All About Harmony/10 Higher and Higher.mp3}
220,1.270079,816,190,95,44,3627,414,631,247,878,148,384,119,325,33,107,23,3652,407,616,250,843,123,363,108,319,33,106,23,408,95,183,92,1826,209,2122,1130,440,75,1017,659,160,17,421,171;g#{8},g{Jazz},a{Bobby McFerrin},l{Spontaneous Inventions},t{There Ya Go},f{/mnt/cdrom/Bobby McFerrin - Spontaneous Inventions/04 There Ya Go.mp3}
320,1.338664,829,238,64,42,3682,684,586,275,930,269,286,126,338,59,80,29,3700,595,560,263,941,276,278,116,339,51,77,28,415,119,156,120,1853,344,1905,1124,465,136,1096,838,167,29,440,230;g#{8},g{Jazz},a{Vox One},l{Out There},t{The Eyes Of A Jungle},f{/mnt/cdrom/Vox One - Out There/03 The Eyes Of A Jungle.mp3}
224,1.329467,870,225,55,57,3814,455,789,264,1211,187,378,100,397,47,105,26,3826,441,744,134,1216,186,370,79,397,45,101,18,436,113,136,75,1920,229,2806,1456,605,94,1120,598,195,23,423,182;g#{0},g{Blues},a{Ball in the House},l{Ball in the House},t{Giving You Me},f{/mnt/cdrom/Ball in the House/06 Giving You Me.mp3}
207,1.333807,849,227,72,40,4416,864,989,197,1257,131,375,133,470,39,129,18,4404,878,967,164,1235,139,352,66,468,39,129,19,425,114,153,90,2222,434,2922,1646,629,67,1238,747,233,20,490,234;g#{8},g{Jazz},a{Extempo},l{Channel 32},t{Magalenha},f{/mnt/cdrom/Extempo - Channel 32/11 Magalenha.mp3}
263,1.295042,879,218,62,45,3797,383,811,225,1185,111,388,80,409,34,110,18,3821,379,786,196,1183,114,379,76,410,34,107,16,440,109,155,90,1909,192,2170,1040,594,57,1202,699,202,17,426,191;g#{8},g{Jazz},a{M-Pact},l{2},t{Rain},f{M-Pact - 2/10 Rain.mp3}
229,1.279495,869,218,69,55,3729,462,523,194,892,162,329,113,349,53,91,23,3740,424,500,177,874,167,311,97,347,52,87,20,435,109,142,82,1877,232,1890,1285,445,81,932,832,172,26,450,243;g#{28},g{Vocal},a{Street Sounds},l{Street Sounds},t{Home Africa},f{/mnt/cdrom/Street Sounds - Street Sounds/02 Home Africa.mp3}
229,1.380587,870,256,58,39,3765,430,817,189,1165,133,399,80,387,36,101,22,3765,404,800,168,1158,134,389,63,386,34,99,18,435,129,170,102,1898,210,2956,1540,583,68,1247,753,191,18,470,231;g#{12},g{Other},a{Schrödingers Cat},l{Big Beat A Cappella},t{Through The Wall},f{/mnt/cdrom/Schrodingers Cat - Big Beat A Cappella/05 Through The Wall.mp3}
256,1.354192,802,227,57,42,4053,494,692,232,1079,160,362,84,379,48,97,24,4071,449,649,207,1075,156,348,72,379,46,92,21,401,114,103,57,2041,249,2141,1124,540,81,1142,652,187,24,375,161;g#{28},g{Vocal},a{Mary Schmary},l{Smarty Pants},t{Shadows},f{Mary Schmary - Smarty Pants/01 Shadows.mp3}
511,1.291249,667,406,46,47,3182,1829,562,423,891,550,269,175,323,192,80,51,3184,1829,547,402,887,549,262,168,323,191,78,49,333,204,204,139,1600,921,2076,1495,445,277,920,577,159,96,466,213;g#{0},g{Blues},a{Ball in the House},l{Ball in the House},t{Get It On},f{/mnt/cdrom/Ball in the House/14 Get It On.mp3}
347,1.316578,876,215,54,44,4102,490,508,228,893,193,288,103,369,62,84,24,4109,484,487,210,883,196,276,89,368,62,82,23,438,108,113,65,2064,246,1775,758,446,97,683,396,182,31,415,216;g#{0},g{Blues},a{SoVoSo},l{SoVoSo},t{Say A Prayer},f{SoVoSo/14 Say A Prayer.mp3}
101,1.271344,892,208,68,41,4456,503,612,166,1065,162,290,83,445,67,95,20,4462,516,580,141,1061,163,284,83,444,69,92,19,446,104,134,62,2244,251,2479,1188,533,81,900,598,220,33,421,224;g#{115},g{Unknown},a{AC Rock},l{Acappellago},t{It's For You},f{/mnt/cdrom/AC Rock - Acappellago/07 It's For You.mp3}
188,1.457592,805,283,70,67,3776,514,507,243,867,123,301,163,380,60,72,27,3806,437,466,220,861,162,274,126,380,55,68,25,403,142,130,82,1900,261,1951,1023,432,61,699,513,187,30,341,145;g#{12},g{Other},a{Schrödingers Cat},l{Big Beat A Cappella},t{That Lonesome Road},f{/mnt/cdrom/Schrodingers Cat - Big Beat A Cappella/11 That Lonesome Road.mp3}
226,1.306503,855,240,65,27,3587,377,854,176,1169,134,421,125,382,38,109,21,3568,392,840,172,1153,120,411,106,378,39,107,20,428,120,197,119,1802,191,2477,1569,585,67,1426,704,188,19,504,246;g#{8},g{Jazz},a{Extempo},l{Channel 32},t{Magic Carpet Ride},f{/mnt/cdrom/Extempo - Channel 32/06 Magic Carpet Ride.mp3}
215,1.328634,836,222,48,43,3834,473,419,220,762,129,224,95,343,74,59,22,3853,477,403,200,759,119,216,88,344,74,58,22,418,111,108,69,1930,238,1585,735,381,66,558,291,169,37,367,155;g#{12},g{Other},a{The Real Group},l{A Cappella All-Stars The 1997},t{Waltz For Debbie},f{/mnt/cdrom/CARAs 1997/02 The Real Group - Waltz For Debbie.mp3}
136,1.280593,844,209,84,71,3873,694,871,339,1048,246,474,121,376,86,125,28,3945,623,813,277,1043,241,451,113,379,80,119,26,422,105,156,107,1949,351,2679,1708,524,125,1395,634,185,43,457,174;g#{0},g{Blues},a{DaVinci's Notebook},l{Bendy's Law},t{Fish Sticks},f{/mnt/cdrom/DaVinci's Notebook - Bendy's Law/03 Fish Sticks.mp3}
158,1.310882,861,221,71,72,3899,425,405,252,626,117,231,121,335,48,78,31,3909,388,363,191,614,106,208,102,334,43,72,25,431,111,131,104,1961,214,1526,679,311,59,593,429,165,24,417,223;g#{28},g{Vocal},a{Street Sounds},l{Street Sounds},t{Let Us Break Bread Together},f{/mnt/cdrom/Street Sounds - Street Sounds/07 Let Us Break Bread Together.mp3}
256,1.287249,830,208,54,56,3333,335,334,218,803,283,256,158,320,53,65,27,3324,332,322,204,786,242,247,156,318,52,63,25,415,105,93,69,1677,168,1335,550,400,144,564,328,157,27,380,148;g#{2},g{Country},a{The Edlos},l{A Cappella Country},t{I Think It's Gonna Rain Today},f{/mnt/cdrom/The Edlos - A Cappella Country/11 I Think It's Gonna Rain Today.mp3}
372,1.329882,871,220,64,32,3806,464,1114,231,1447,163,454,89,447,40,135,26,3771,488,1077,201,1440,160,447,85,443,40,130,22,436,110,147,89,1915,231,2951,1453,726,82,1403,713,221,19,449,217;g#{115},g{Unknown},a{spiralmouth},l{spiralmouth},t{Wanna Be Startin' Somethin'},f{/mnt/cdrom/spiralmouth - spiralmouth/01 Wanna Be Startin' Somethin'.mp3}
230,1.234704,821,169,111,43,4664,253,714,209,1028,106,332,102,438,34,126,26,4658,234,645,120,1003,97,311,52,429,33,116,18,411,84,155,106,2350,127,2703,1027,514,52,900,517,216,17,440,235;g#{12},g{Other},a{Artisan},l{A Cappella All-Stars The 1997},t{Lest We Forget},f{/mnt/cdrom/CARAs 1997/12 Artisan - Lest We Forget.mp3}
289,1.454408,872,279,39,43,3630,399,588,218,1054,151,281,83,378,41,79,23,3641,401,577,182,1053,151,274,66,379,42,77,17,436,140,125,76,1827,202,1869,875,527,76,841,404,186,20,394,194;g#{12},g{Other},a{Schrödingers Cat},l{Big Beat A Cappella},t{You Can Leave Your Hat On},f{/mnt/cdrom/Schrodingers Cat - Big Beat A Cappella/09 You Can Leave Your Hat On.mp3}
176,1.195911,839,189,84,55,3975,926,670,331,958,173,335,122,362,86,110,35,3948,940,614,227,938,181,315,89,357,90,104,31,419,95,128,84,1998,466,2271,1183,479,86,1034,555,178,44,420,193;g#{28},g{Vocal},a{Throat Culture},l{Acappella Head},t{Only the Lonely},f{Throat Culture - Acapella Head/04 Only the Lonely.mp3}
191,1.241585,886,181,49,35,4215,222,576,293,1086,132,293,91,436,26,88,32,4201,200,554,235,1081,133,287,83,434,28,86,29,443,91,99,60,2121,110,2175,1114,544,67,914,524,216,13,373,191;g#{28},g{Vocal},a{Throat Culture},l{Acappella Head},t{Also Too},f{Throat Culture - Acapella Head/13 Also Too.mp3}
198,1.345636,866,226,64,35,4203,339,962,205,1266,153,396,72,426,41,117,20,4182,358,945,154,1262,148,392,71,422,42,115,18,433,113,170,96,2114,173,3129,1615,632,74,1421,858,210,20,544,308;g#{0},g{Blues},a{Ball in the House},l{Ball in the House},t{Fantasyland},f{/mnt/cdrom/Ball in the House/04 Fantasyland.mp3}
265,1.296036,860,209,61,57,3638,361,455,190,806,175,281,182,330,44,70,24,3642,369,436,166,786,149,256,117,328,46,68,20,431,104,123,90,1830,181,1566,854,402,88,703,399,162,22,389,196;g#{8},g{Jazz},a{Extempo},l{Channel 32},t{Autum Leaves},f{/mnt/cdrom/Extempo - Channel 32/08 Autum Leaves.mp3}
163,1.369705,859,236,48,40,4390,269,461,155,907,96,242,85,433,40,84,19,4402,270,443,140,896,94,229,70,432,40,83,19,430,118,134,99,2209,135,2199,1029,453,47,674,332,214,19,348,192;g#{0},g{Blues},a{DaVinci's Notebook},l{Bendy's Law},t{Stuck in the Middle With You},f{/mnt/cdrom/DaVinci's Notebook - Bendy's Law/08 Stuck in the Middle With You.mp3}
135,1.227442,841,168,79,47,4188,333,815,281,1148,123,364,73,442,51,115,24,4172,366,776,184,1140,120,357,76,439,54,112,22,420,84,161,76,2107,172,3016,1787,575,64,1380,757,218,26,463,284;g#{28},g{Vocal},a{Throat Culture},l{Acappella Head},t{Mr. America},f{Throat Culture - Acapella Head/12 Mr. America.mp3}
199,1.328623,908,231,60,28,4414,508,1010,220,1284,86,426,123,452,62,132,29,4394,510,999,224,1279,89,418,119,450,63,131,29,454,116,182,104,2221,257,3729,1970,643,44,1712,1044,224,31,532,282;g#{12},g{Other},a{Vocal Sampling},l{Una Forma Mas},t{Del Caribe Vengo},f{/mnt/cdrom/Vocal Sampling - Una Forma Mas/10 Del Caribe Vengo.mp3}
255,1.355648,860,233,47,46,4048,314,732,196,1266,166,379,103,415,46,120,24,4052,309,714,176,1258,136,372,85,415,46,118,23,430,117,119,63,2035,162,2991,1709,632,86,1167,834,204,24,466,282;g#{12},g{Other},a{M-Pact},l{It's All About Harmony},t{Love the One You're With},f{M-Pact - It's All About Harmony/03 Love the One You're With.mp3}
205,1.279009,886,232,72,50,3674,564,749,230,1067,178,380,107,373,62,115,25,3714,438,699,172,1071,162,363,68,376,55,109,21,443,117,146,83,1850,283,2466,1434,534,89,1322,647,184,31,402,199;g#{14},g{R&B},a{Five Live},l{Quintessence},t{Without Love},f{Five Live - Quintessence/Five Live--02 Without Love.mp3}
185,1.388756,811,238,81,46,4170,383,577,273,839,150,302,108,378,52,94,26,4210,353,522,179,824,148,278,88,379,52,90,18,406,119,127,82,2099,194,2275,1374,419,76,882,549,186,26,460,242;g#{8},g{Jazz},a{AC Rock},l{UR What UR},t{Break My Stride},f{/mnt/cdrom/AC Rock - UR What UR/05 Break My Stride.mp3}
168,1.364532,781,282,68,53,4184,870,897,301,1249,260,416,148,448,88,114,33,4251,787,836,236,1265,293,384,93,455,81,107,24,390,142,177,115,2108,437,2921,1620,627,131,1391,768,222,44,444,211;g#{0},g{Blues},a{Rockapella},l{Where in The World Is Carmen S},t{Where in The World Is Carmen S},f{Rockapella - Where in the World is Carmen Sandiego?/10 Rockapella - Where in the World is Carmen Sandiego?.mp3}
197,1.269289,863,240,59,28,4558,355,646,275,1153,201,313,123,472,69,99,40,4578,379,611,191,1149,205,297,79,473,76,94,26,432,120,141,83,2293,178,2305,945,578,100,1012,566,234,34,386,186;g#{115},g{Unknown},a{AC Rock},l{Acappellago},t{Bus Stop},f{/mnt/cdrom/AC Rock - Acappellago/06 Bus Stop.mp3}
159,1.246420,815,174,86,52,3880,434,671,223,963,131,338,77,388,53,109,28,3897,437,650,198,959,131,328,72,388,54,107,27,408,87,154,85,1956,218,2536,1106,481,68,931,677,192,27,375,190;g#{28},g{Vocal},a{The Trenchcoats},l{It Turns Me On},t{It Turns Me on},f{The Trenchcoats - It Turns Me On/02 It Turns Me on.mp3}
139,1.323060,812,214,69,51,3475,250,633,195,761,177,412,90,285,46,115,20,3478,237,616,197,734,173,386,81,280,47,112,19,406,107,121,77,1748,128,1993,926,380,88,1214,556,140,23,471,233;g#{8},g{Jazz},a{Bobby McFerrin},l{Spontaneous Inventions},t{From Me to You},f{/mnt/cdrom/Bobby McFerrin - Spontaneous Inventions/03 From Me to You.mp3}
157,1.253439,811,198,100,49,4382,421,1124,421,982,208,441,158,405,51,151,31,4333,348,1069,394,951,215,403,130,396,48,144,28,405,99,140,74,2206,215,2555,1550,490,105,1403,857,200,26,470,283;g#{28},g{Vocal},a{Throat Culture},l{Acappella Head},t{St. James Infirmary},f{Throat Culture - Acapella Head/08 St. James Infirmary.mp3}
224,1.234650,799,235,62,40,4262,889,934,519,1217,259,520,121,438,90,135,57,4231,854,926,525,1192,217,517,130,432,84,136,61,399,118,157,108,2141,442,3298,2127,613,133,1978,1243,216,44,537,342;g#{28},g{Vocal},a{Throat Culture},l{Acappella Head},t{50 Ways to Leave Your Lover},f{Throat Culture - Acapella Head/06 50 Ways to Leave Your Lover.mp3}
94,1.366330,848,233,63,33,4822,125,579,156,1049,39,275,42,486,15,97,17,4838,130,556,113,1041,38,271,38,486,14,95,15,424,117,136,83,2427,64,2416,1408,525,20,893,700,241,7,470,265;g#{115},g{Unknown},a{AC Rock},l{Acappellago},t{Witch Doctor},f{/mnt/cdrom/AC Rock - Acappellago/12 Witch Doctor.mp3}
336,1.333008,846,233,64,32,4137,617,640,259,946,158,320,151,400,65,97,32,4160,569,614,227,948,222,302,92,399,60,94,30,423,117,128,87,2081,311,2169,1119,473,80,853,546,198,32,377,183;g#{12},g{Other},a{M-Pact},l{It's All About Harmony},t{Change in My Life},f{M-Pact - It's All About Harmony/08 Change in My Life.mp3}
154,1.363757,850,234,73,48,4184,271,611,213,944,101,311,92,408,38,90,21,4210,241,573,167,929,94,293,83,409,33,87,18,425,117,134,91,2104,137,1793,820,473,52,979,601,201,19,391,262;g#{8},g{Jazz},a{AC Rock},l{UR What UR},t{Silhouettes},f{/mnt/cdrom/AC Rock - UR What UR/02 Silhouettes.mp3}
212,1.310969,881,220,60,40,3893,557,520,226,877,126,302,138,366,34,94,27,3890,569,504,216,861,118,287,122,363,34,92,25,441,110,120,66,1958,280,1749,543,437,63,662,447,180,17,398,179;g#{0},g{Blues},a{SoVoSo},l{SoVoSo},t{Home},f{SoVoSo/10 Home.mp3}
187,1.250037,841,183,89,46,3234,548,767,267,1058,151,430,95,339,47,112,32,3212,534,733,242,1040,149,413,86,336,46,108,30,420,92,157,84,1624,275,2269,1262,529,77,1365,705,167,24,463,278;g#{62},g{Pop/Funk},a{The House Jacks},l{Naked Noise},t{Attitude},f{The House Jacks - Naked Noise/07 Attitude.mp3}
192,1.229024,885,204,57,36,4610,619,521,298,963,118,239,120,449,69,88,33,4686,427,480,142,983,169,221,57,456,61,83,18,443,102,155,111,2318,314,1951,958,481,58,796,490,222,34,414,228;g#{24},g{Soundtrack},a{Rockapella And True Image},l{Spike & Co. Do It A Cappella},t{Under The Boardwalk},f{Spike & Co. Do It A Cappella/07 Rockapella And True Image - Under The Boardwalk.mp3}
219,1.263513,908,195,46,37,3777,352,400,191,784,170,258,150,335,45,69,18,3780,352,386,183,774,169,243,108,335,45,67,17,454,98,120,74,1899,177,1570,669,390,86,832,630,164,22,414,218;g#{8},g{Jazz},a{Extempo},l{Channel 32},t{How Long},f{/mnt/cdrom/Extempo - Channel 32/04 How Long.mp3}
305,1.250725,862,190,73,44,4011,357,986,285,1162,144,479,112,405,32,135,30,4001,372,973,277,1145,115,467,90,403,33,133,29,431,95,171,107,2019,184,2951,1757,580,74,1521,787,200,17,504,250;g#{0},g{Blues},a{SoVoSo},l{SoVoSo},t{Say},f{SoVoSo/02 Say.mp3}
302,1.311162,872,219,44,47,4090,413,605,254,1040,170,332,137,406,50,86,25,4100,399,575,182,1033,161,319,90,405,49,84,19,436,110,115,75,2057,207,1843,806,520,84,740,441,200,25,355,165;g#{12},g{Other},a{M-Pact},l{It's All About Harmony},t{If I Lost You},f{M-Pact - It's All About Harmony/04 If I Lost You.mp3}
163,1.285500,895,202,50,30,3963,223,406,125,881,90,212,68,371,40,69,16,3968,217,394,107,881,91,207,64,371,40,68,16,448,101,103,53,1996,112,1742,781,441,45,604,415,183,20,330,123;g#{115},g{Unknown},a{AC Rock},l{Acappellago},t{Because},f{/mnt/cdrom/AC Rock - Acappellago/03 Because.mp3}
166,1.233570,891,179,52,60,4354,470,612,223,900,111,258,79,392,47,88,18,4391,425,571,113,900,109,245,69,394,44,84,15,445,90,123,114,2190,236,1882,796,450,56,699,423,194,23,348,152;g#{28},g{Vocal},a{Mary Schmary},l{Smarty Pants},t{Never Will},f{Mary Schmary - Smarty Pants/02 Never Will.mp3}
199,1.276497,840,191,80,46,3916,424,911,212,1200,146,395,81,421,54,109,24,3938,412,890,178,1193,146,383,70,422,52,106,21,420,95,187,88,1968,214,2567,1178,602,75,1307,692,208,27,444,222;g#{0},g{Blues},a{Rockapella},l{Where in The World Is Carmen S},t{Everything to Me},f{Rockapella - Where in the World is Carmen Sandiego?/02 Rockapella - Everything to Me.mp3}
242,1.294874,777,191,136,59,4643,389,777,234,1059,122,341,122,464,37,109,29,4632,395,734,226,1018,110,312,75,455,38,102,28,388,96,128,65,2337,197,2358,1055,531,61,875,593,230,19,310,140;g#{12},g{Other},a{Moxy Früvous},l{Bargainville},t{Gulf War Song},f{/mnt/cdrom/Moxy Fruvous - Bargainville/15 Gulf War Song.mp3}
231,1.288580,909,209,62,35,4317,367,793,180,1241,84,398,117,443,31,121,20,4310,370,778,166,1230,84,388,88,441,32,120,20,455,105,195,115,2176,184,3295,1874,623,42,1557,752,220,16,538,278;g#{8},g{Jazz},a{Extempo},l{Channel 32},t{Mary Mary},f{/mnt/cdrom/Extempo - Channel 32/03 Mary Mary.mp3}
202,1.405094,779,233,85,62,3593,262,525,264,698,148,336,119,298,54,102,30,3599,235,463,226,670,132,304,90,292,49,94,27,390,117,120,70,1810,133,2005,1245,348,75,926,587,146,27,388,180;g#{12},g{Other},a{The Flirtations},l{A Cappella All-Stars The 1997},t{Do Not Turn Away},f{/mnt/cdrom/CARAs 1997/08 The Flirtations - Do Not Turn Away.mp3}
211,1.363453,884,242,54,51,3614,330,579,164,925,139,326,82,359,32,81,19,3627,341,563,125,917,135,316,77,358,32,79,17,442,121,133,96,1820,169,1742,755,463,70,880,500,177,16,376,201;g#{28},g{Vocal},a{Rockapella},l{Primer},t{Last Night},f{Rockapella - Primer/06 Last Night.mp3}
145,1.195003,823,171,110,75,4165,514,614,416,942,218,294,192,398,73,93,41,4214,486,559,329,932,212,269,164,398,70,89,36,411,86,144,78,2095,262,2254,1559,472,112,691,474,196,37,387,205;g#{28},g{Vocal},a{The Trenchcoats},l{It Turns Me On},t{A Tribute to Vanilla Ice},f{The Trenchcoats - It Turns Me On/08 A Tribute to Vanilla Ice.mp3}
333,1.229425,367,428,34,56,2308,1619,1214,638,833,188,868,514,241,132,171,86,3624,539,764,298,2027,946,473,216,425,50,112,40,181,216,272,171,1154,822,4472,3256,412,99,2654,2260,117,67,732,488;g#{62},g{Pop/Funk},a{The House Jacks},l{Funkwich},t{The Star-Spangled Banner},f{The House Jacks - Funkwich/12 The Star-Spangled Banner.mp3}
314,1.341696,883,236,36,27,3748,440,365,209,744,190,237,121,331,52,66,23,3747,442,349,168,737,177,226,94,330,52,64,18,442,118,113,69,1885,221,1351,595,370,95,568,362,163,26,378,150;g#{8},g{Jazz},a{M-Pact},l{2},t{My Way},f{M-Pact - 2/06 My Way.mp3}
339,1.292724,865,209,53,35,3768,543,527,261,860,206,297,122,342,67,87,32,3769,550,521,258,852,204,291,117,340,67,86,31,433,104,109,60,1896,273,1767,928,430,104,615,336,168,34,402,193;g#{0},g{Blues},a{SoVoSo},l{SoVoSo},t{U},f{SoVoSo/12 U.mp3}
207,1.304868,891,222,78,63,4024,448,1043,296,1329,134,469,102,416,52,139,27,4025,437,995,272,1323,134,451,88,413,50,135,26,446,111,176,105,2024,228,3501,1864,666,69,1754,990,205,27,566,277;g#{14},g{R&B},a{Five Live},l{Quintessence},t{Love Your Smile},f{Five Live - Quintessence/Five Live--01 Love Your Smile.mp3}
269,1.259029,848,235,36,26,3572,432,548,206,1067,161,314,136,376,38,77,27,3569,433,537,185,1065,166,308,126,375,39,76,25,424,118,102,62,1796,217,1935,918,533,81,1246,831,185,19,409,244;g#{8},g{Jazz},a{M-Pact},l{2},t{Under the Sun},f{M-Pact - 2/08 Under the Sun.mp3}
231,1.208523,849,166,79,33,3406,502,771,307,1119,222,423,136,328,44,104,32,3398,501,755,305,1106,222,414,136,324,44,102,31,425,83,194,99,1710,256,2769,1919,557,112,1664,1180,161,22,512,304;g#{62},g{Pop/Funk},a{The House Jacks},l{Naked Noise},t{Another Chance},f{The House Jacks - Naked Noise/05 Another Chance.mp3}
314,1.254758,895,201,36,20,4254,488,688,200,1342,226,343,79,462,51,95,20,4263,484,680,183,1340,227,340,77,462,49,94,18,448,100,108,63,2139,243,2271,1133,673,114,993,574,228,25,378,229;g#{115},g{Unknown},a{spiralmouth},l{spiralmouth},t{Love is a Good Thing},f{/mnt/cdrom/spiralmouth - spiralmouth/03 Love is a Good Thing.mp3}
211,1.321264,792,227,96,54,4886,549,414,286,777,200,342,222,395,62,92,20,4926,530,377,215,728,145,311,175,390,64,89,16,396,114,146,87,2459,279,2368,1198,388,102,741,494,194,32,458,277;g#{0},g{Blues},a{The Roches},l{Modern A Cappella},t{The Hallelujah Chorus},f{/mnt/cdrom/Modern A Cappella/16 The Roches - The Hallelujah Chorus.mp3}
228,1.386060,877,285,52,47,3386,456,728,149,1302,172,334,102,411,63,83,23,3423,220,708,152,1336,202,313,76,414,43,81,21,439,143,147,104,1700,233,2687,1171,652,88,1271,791,203,32,445,225;g#{12},g{Other},a{Schrödingers Cat},l{Big Beat A Cappella},t{Jump In Line},f{/mnt/cdrom/Schrodingers Cat - Big Beat A Cappella/10 Jump In Line.mp3}
235,1.253311,916,206,40,33,3752,505,671,246,1310,287,409,89,427,82,101,24,3742,502,665,242,1309,288,407,88,426,82,101,23,458,103,158,157,1889,258,2092,1413,655,145,1112,621,211,41,405,199;g#{115},g{Unknown},a{spiralmouth},l{spiralmouth},t{Spend Another Minute},f{/mnt/cdrom/spiralmouth - spiralmouth/12 Spend Another Minute.mp3}
179,1.343614,911,239,59,42,3701,315,823,167,1275,120,400,68,403,29,104,18,3707,314,807,138,1272,119,393,65,403,29,102,17,456,120,160,106,1863,161,2492,1436,639,63,1309,614,199,15,463,277;g#{28},g{Vocal},a{Rockapella},l{Primer},t{Where In The World Is Carmen S},f{Rockapella - Primer/10 Where In The World Is Carmen Sandiego?.mp3}
174,1.213126,881,161,74,38,4356,343,817,250,1271,150,334,75,463,40,105,26,4350,315,788,226,1265,141,326,70,462,35,102,24,441,80,138,78,2190,168,2398,1066,635,75,1215,766,229,20,472,230;g#{28},g{Vocal},a{The Trenchcoats},l{It Turns Me On},t{Come Together},f{The Trenchcoats - It Turns Me On/03 Come Together.mp3}
289,1.308624,835,216,51,61,3861,719,538,294,927,142,258,103,379,51,74,26,3925,659,501,183,934,131,242,84,384,43,70,16,418,108,122,87,1943,361,1801,968,464,72,766,470,187,25,427,221;g#{0},g{Blues},a{Rockapella & The Persuasions},l{Where in The World Is Carmen S},t{My Home},f{Rockapella - Where in the World is Carmen Sandiego?/04 Rockapella & The Persuasions - My Home.mp3}
169,1.313158,812,220,80,66,4871,156,589,342,1038,127,302,157,478,27,90,46,4910,219,527,147,1018,109,276,117,478,39,83,31,406,110,132,93,2453,81,2377,964,518,64,660,345,237,13,408,205;g#{115},g{Unknown},a{AC Rock},l{Acappellago},t{Come Go With Me},f{/mnt/cdrom/AC Rock - Acappellago/02 Come Go With Me.mp3}
108,1.447118,835,300,48,59,3872,529,695,363,1051,226,375,116,402,71,94,39,3977,255,606,204,1085,231,341,75,413,57,86,22,418,150,117,98,1948,273,2225,1234,527,114,1234,673,199,36,404,242;g#{28},g{Vocal},a{Rockapella},l{Primer},t{Sixty Minute Man},f{Rockapella - Primer/13 Sixty Minute Man.mp3}
276,1.258495,895,188,56,26,4145,324,415,136,880,140,204,50,395,41,72,13,4150,320,406,127,878,140,201,47,394,41,71,13,448,94,103,57,2087,164,1960,785,440,71,632,461,195,21,367,222;g#{24},g{Soundtrack},a{Ladysmith Black Mambazo With T},l{Spike & Co. Do It A Cappella},t{The Lion Sleeps Tonight},f{Spike & Co. Do It A Cappella/13 Ladysmith Black Mambazo With The Mint Julips - The Lion Sleeps Tonight.mp3}
214,1.308259,854,204,44,33,3165,420,681,221,1256,170,438,116,346,31,90,22,3156,410,662,217,1252,167,431,115,344,30,88,21,427,102,133,77,1593,210,2503,1455,628,84,1440,820,170,15,497,270;g#{62},g{Pop/Funk},a{The House Jacks},l{Naked Noise},t{Superhero},f{The House Jacks - Naked Noise/04 Superhero.mp3}
188,1.305957,829,209,66,41,3892,581,760,212,1047,130,350,114,389,63,97,25,3917,556,746,216,1041,132,342,113,390,59,95,25,415,104,109,62,1959,295,2008,955,523,64,956,673,192,32,363,157;g#{28},g{Vocal},a{The Trenchcoats},l{Your Joy},t{Everyday People},f{The Trenchcoats - Your Joy/06 Everyday People.mp3}
